0001121111111212232101221123222321000
0002141322231414231102232323132311000
0003373536352626474203362546344742000
0003363636362625242203262633122422000
0003373637363735474303362546334743000
0002141414142423132202232323121322000
0001121212122322232101221123222321000
0012322232211011223221223222322232100
0022424231323121323231423132424231100
0034846463434242444442646344846474200
0034635331335253332332633134634242200
0034645463424243332332646344644474300
0022413231312132221221423132412132200
0011212232211011111111223221212232100
0000122101111110112110112232223210000
0000223222223231214231214231324220000
0000336242525342426342426463448430000
0000326262626352536352536331346320000
0000336242525242436242436463446420000
0000223222223121324121324231324110000
0000122101111110112110112232212110000
1221123222322121211111123221101110000
2232324242313141413222324242312120000
3362548464634263735252548463424242321
3262646353313263636262646353525341211
3362546454634263735252546452424342321
2232324132313141413222324131213220000
1221112122322121211111112121101110000
0000000012211121101111110000000000000
0000000022323142312132221000000000000
0000000033625263424252522000000000000
0000000032626263525362623000000000000
0000000033625262424352522000000000000
0000000022323141213232221000000000000
0000000012211121101111110000000000000